   4.6419968e-01
   5.8117349e-02
   1.2350131e+00
   1.1547263e+00
   1.3203451e+00
   8.5169938e-01
   2.7552476e-01
   7.5300750e-01
  -7.1578306e-01
  -3.9420074e-01
  -8.9974526e-01
  -3.9420074e-01
   7.4448454e-02
  -1.4048522e-01
  -4.9929079e-01
  -2.2615769e-01
   3.1017165e-01
  -5.9366773e-01
  -1.7459346e-01
  -4.9929079e-01
  -1.0963254e+00
  -2.7773746e-01
  -8.7377905e-01
  -9.6721082e-01
  -8.2350756e-01
  -1.0524513e+00
  -7.0391363e-01
  -9.2628852e-01
  -4.7048427e-01
  -4.0118004e-02
  -1.2296797e+00
  -9.6721082e-01
  -1.1555579e+00
  -1.1703918e+00
  -1.1110443e+00
  -3.9420074e-01
  -2.0893860e-01
  -4.0118004e-02
   5.7287007e-01
   9.8738025e-01
   1.2469382e+00
   7.2528221e-01
   6.4275708e-01
   5.7287007e-01
  -7.2315968e-03
  -3.2868381e-01
  -2.0893860e-01
  -7.0391363e-01
  -9.8112302e-01
  -3.1180112e-01
  -2.6059512e-01
  -1.2354750e-01
   6.1226093e-01
   3.6236375e-01
  -3.9420074e-01
   1.2760991e+00
   5.7287007e-01
   1.0392580e+00
   3.4497049e-01
  -2.7773746e-01
  -4.2543570e-01
  -7.7507906e-01
   1.5687766e-01
   6.1226093e-01
   1.1293250e+00
   3.7971738e-01
  -3.1180112e-01
   1.2369902e-01
  -6.0644709e-01
  -5.6647881e-02
   4.9655429e-01
   7.4448454e-02
   2.5833399e-01
   3.6236375e-01
   4.8047296e-01
   2.5477140e-02
  -2.0893860e-01
  -7.3245453e-02
  -7.2315968e-03
  -1.5750161e-01
   8.0721142e-01
   4.4765149e-01
   5.8683335e-01
   2.7552476e-01
   4.4765149e-01
   7.2528221e-01
   2.0726728e-01
   1.5687766e-01
   3.9691688e-01
   8.5169938e-01
   2.2422059e-01
   1.2369902e-01
   2.7552476e-01
   6.1226093e-01
  -1.0669075e-01
   8.3253377e-01
   2.5477140e-02
   1.4320051e+00
   1.5825134e+00
   1.1420474e+00
   7.7640061e-01
   7.1982865e-01
  -4.4067033e-01
  -3.2868381e-01
  -1.9174606e-01
  -2.9481252e-01
  -2.9481252e-01
  -1.4048522e-01
  -2.4338886e-01
  -3.1180112e-01
   7.4448454e-02
   2.5833399e-01
  -4.0998600e-01
  -4.2543570e-01
  -4.5568689e-01
  -4.8502127e-01
  -7.2315968e-03
  -3.4536486e-01
  -1.4048522e-01
  -3.2868381e-01
   1.2369902e-01
  -1.5750161e-01
  -1.2354750e-01
  -6.1900226e-01
  -4.0998600e-01
   2.5477140e-02
  -8.1125317e-01
  -7.5128570e-01
  -5.2725287e-01
  -9.9516658e-01
  -3.4536486e-01
  -2.7773746e-01
   2.9281324e-01
  -4.7048427e-01
  -8.2350756e-01
  -5.1336681e-01
  -6.0644709e-01
  -6.4375457e-01
  -1.1406750e+00
  -5.5440043e-01
  -1.0379904e+00
  -9.8112302e-01
  -1.1258315e+00
  -8.2350756e-01
  -1.3611770e+00
  -1.0670029e+00
  -8.2350756e-01
  -9.5343111e-01
  -5.5440043e-01
  -8.4837043e-01
   4.1799469e-02
  -2.7773746e-01
  -8.6100573e-01
  -3.1180112e-01
  -6.5597259e-01
  -8.2350756e-01
  -1.1703918e+00
   1.5090533e+00
   5.1243418e-01
   3.4497049e-01
   7.4735034e-01
   2.0465408e+00
   2.0465408e+00
   2.0465408e+00
   2.4123632e-01
   6.1226093e-01
   2.0465408e+00
   4.3089904e-01
   4.3089904e-01
   1.7359404e-01
  -6.0644709e-01
  -3.6186050e-01
   3.1017165e-01
   3.9691688e-01
   2.2422059e-01
   8.9674056e-01
   3.2756469e-01
   5.5836509e-01
   9.2905480e-01
   1.3702680e+00
   1.4676396e+00
   1.3203451e+00
   1.4011704e+00
   1.0973217e+00
   7.1436771e-01
   9.0966207e-01
   2.0465408e+00
   1.0651230e+00
   9.2258538e-01
   1.2469382e+00
   1.3608015e+00
   9.6792696e-01
   1.3308258e+00
   1.0068480e+00
   8.7740223e-01
   2.0465408e+00
   1.1483949e+00
   9.5495755e-01
   1.2289939e+00
   1.2469382e+00
   1.1229509e+00
   4.8047296e-01
   1.5362891e+00
   1.7523748e+00
   2.0465408e+00
   2.2422059e-01
   5.2809764e-01
   2.0726728e-01
   5.2809764e-01
  -2.0893860e-01
   7.4448454e-02
  -3.2868381e-01
   1.9039094e-01
   8.1351048e-01
   4.1398213e-01
   6.1226093e-01
   3.4497049e-01
   8.5169938e-01
   4.1799469e-02
   2.9281324e-01
   7.3074286e-01
   7.4448454e-02
   7.7640061e-01
   9.4200771e-01
   1.6157642e+00
   2.0465408e+00
   1.3883712e+00
   1.0392580e+00
   1.6762075e+00
   1.0327876e+00
   5.1243418e-01
   1.0457277e+00
   1.5197015e+00
   1.7399721e+00
   8.7096198e-01
   4.6419968e-01
   6.2334676e-01
   1.0327876e+00
   4.1398213e-01
   3.4497049e-01
   1.2369902e-01
  -1.9174606e-01
   1.5687766e-01
   4.1398213e-01
  -5.8073717e-01
  -4.5568689e-01
   5.1243418e-01
  -1.2354750e-01
   5.4343474e-01
   7.0333426e-01
   5.2809764e-01
   5.8683335e-01
   9.0966207e-01
   1.5509513e+00
   1.0722699e-01
  -5.6647881e-02
   1.5891205e+00
   2.0465408e+00
   1.3095921e+00
   9.4200771e-01
   1.1798569e+00
   1.5601074e+00
   1.7761266e+00
   1.0003630e+00
   1.3359843e+00
   2.5833399e-01
   9.8089438e-01
   2.0465408e+00
   1.5727519e+00
  -8.9918421e-02
  -2.3647377e-02
   6.3348024e-01
   5.2809764e-01
   1.2645633e+00
   1.0908971e+00
   1.0651230e+00
   1.1420474e+00
   1.1356906e+00
   8.7740223e-01
   1.2587208e+00
   1.6354777e+00
   1.2760991e+00
   1.6544635e+00
   2.0465408e+00
   1.0780149e+00
   1.2369902e-01
  -1.9174606e-01
   3.2756469e-01
   1.7359404e-01
   5.8683335e-01
   8.3890751e-01
   1.3748879e+00
   8.0094697e-01
   4.4765149e-01
   7.4448454e-02
   8.4529702e-01
   7.5300750e-01
  -1.5750161e-01
   2.0726728e-01
   8.7096198e-01
   5.8683335e-01
   1.2369902e-01
   7.1436771e-01
   1.1356906e+00
   1.3149954e+00
   8.3253377e-01
   1.1547263e+00
   8.1983715e-01
   2.5833399e-01
  -1.5750161e-01
  -7.6316079e-01
   1.4024174e-01
  -3.1180112e-01
   5.8117349e-02
   4.3089904e-01
  -7.5128570e-01
  -5.5440043e-01
  -2.4338886e-01
   3.1017165e-01
  -4.0118004e-02
   4.3089904e-01
   3.1017165e-01
  -1.4048522e-01
  -4.5568689e-01
   6.1226093e-01
   5.5836509e-01
   2.9281324e-01
   1.5687766e-01
  -3.2868381e-01
   2.2422059e-01
  -2.4338886e-01
  -6.4375457e-01
  -3.1180112e-01
   1.5687766e-01
  -8.9918421e-02
  -2.3647377e-02
  -2.9481252e-01
  -4.5568689e-01
  -1.0669075e-01
  -3.7814838e-01
  -4.2543570e-01
   1.1101465e+00
  -7.1578306e-01
   4.4765149e-01
   1.0133313e+00
  -5.9366773e-01
  -6.3143461e-01
   3.1017165e-01
   5.4343474e-01
   7.2528221e-01
   2.7552476e-01
   4.8047296e-01
  -4.4067033e-01
   9.4200771e-01
  -4.9929079e-01
  -1.0669075e-01
  -5.5440043e-01
   7.4448454e-02
   2.4123632e-01
   2.2422059e-01
   6.1226093e-01
  -2.2615769e-01
  -7.3245453e-02
  -6.8007502e-01
   1.0722699e-01
   7.7640061e-01
   1.0722699e-01
   3.1017165e-01
   2.0465408e+00
   2.0465408e+00
   2.0465408e+00
   2.0465408e+00
   2.0465408e+00
  -1.0670029e+00
  -1.0670029e+00
  -8.9974526e-01
  -1.0524513e+00
  -1.1406750e+00
  -1.1703918e+00
  -1.5858944e+00
  -1.5579887e+00
  -1.4884200e+00
  -1.4324012e+00
  -1.2885410e+00
  -1.7913518e+00
  -2.0685817e+00
  -1.5440384e+00
  -2.0307428e+00
  -1.5858944e+00
  -1.4040291e+00
  -8.8669162e-01
   3.2756469e-01
  -1.6567980e+00
  -1.0670029e+00
  -1.2296797e+00
  -1.1703918e+00
  -1.2591237e+00
  -1.8392332e+00
  -2.5559534e+00
  -2.2514882e+00
  -2.4097659e+00
  -2.0685817e+00
  -1.3177258e+00
  -1.8720385e+00
  -1.8392332e+00
  -2.5559534e+00
  -1.3467230e+00
   8.0094697e-01
  -6.3143461e-01
   7.7640061e-01
  -8.9974526e-01
  -6.3143461e-01
  -5.4095242e-01
  -7.3944104e-01
  -2.1074591e+00
  -2.0685817e+00
  -2.0122331e+00
  -1.5579887e+00
  -1.7913518e+00
  -1.8555395e+00
  -6.9201513e-01
  -1.0093372e+00
  -7.3245453e-02
  -1.1258315e+00
  -1.3755248e+00
  -1.8720385e+00
  -1.5858944e+00
  -1.4884200e+00
  -1.4744357e+00
  -1.6857928e+00
  -9.6721082e-01
  -1.0236260e+00
  -7.6316079e-01
  -9.9516658e-01
  -1.3755248e+00
  -1.1258315e+00
  -1.6712336e+00
  -1.8071068e+00
  -1.8555395e+00
  -1.2148516e+00
  -1.5440384e+00
  -6.4375457e-01
  -4.7048427e-01
  -8.4837043e-01
  -1.5023707e+00
  -1.3611770e+00
  -9.1294257e-01
  -1.2444035e+00
  -1.0236260e+00
  -1.1852061e+00
  -1.1258315e+00
  -8.7377905e-01
  -7.6316079e-01
  -5.5440043e-01
  -9.1294257e-01
  -1.0236260e+00
  -1.2296797e+00
  -1.1110443e+00
  -9.1294257e-01
  -2.0893860e-01
  -7.2761533e-01
  -5.6764985e-01
  -2.9481252e-01
  -1.7459346e-01
   2.5477140e-02
  -2.2615769e-01
  -3.7814838e-01
  -3.6186050e-01
  -3.6186050e-01
  -1.9174606e-01
  -2.2615769e-01
  -2.7773746e-01
   3.2756469e-01
   9.2258538e-01
  -1.0670029e+00
  -1.1406750e+00
  -6.9201513e-01
  -1.3322387e+00
  -9.5343111e-01
   2.5477140e-02
   2.9281324e-01
   4.1398213e-01
   6.1226093e-01
   9.0814074e-02
  -1.0669075e-01
  -7.2315968e-03
  -3.6186050e-01
  -1.0669075e-01
  -8.7377905e-01
  -2.1074591e+00
  -1.9057316e+00
  -1.0963254e+00
  -1.9174606e-01
   9.0814074e-02
   5.4343474e-01
   3.1017165e-01
  -2.6059512e-01
  -4.8502127e-01
  -7.2315968e-03
  -5.9366773e-01
  -6.8007502e-01
   1.9039094e-01
  -1.0669075e-01
   4.4765149e-01
   1.2369902e-01
  -1.3467230e+00
